0,6,12
1,6,7,8,12
4,6,7,11
0,6,12
3,7,8,11
0,6,7,8,12
0,7,8,12
2,7,11
2,8,12
4,6,7,11
0,7,8,12
0,6,7,8,11
4,6,11
2,11
5,8,12
0,6,12
1,6,7,12
0,6,7,8,12
2,7,9
0,6,7,12
2,8,11
1,8,12
4,7,8,11
1,6,12
1,12
1,6,8,12
5,7,8,12
5,6,8,12
1,6,12
4,6,7,12
0,6,7,12
4,7,8,12
0,7,8,12
0,7,11
1,6,12
4,6,12
6,8,12
2,6,12
5,8,12
1,6,8,12
4,12
1,6,7,12
0,7,12
3,6,12
0,6,7,12
1,6,7,12
0,7,8,12
1,8,12
0,6,7,8,12
4,6,11
4,8,12
5,6,12
4,8,12
0,7,8,12
0,7,12
2,8,12
2,8,12
2,6,7,8,12
2,6,7,8,12
0,7,12
2,7,8,12
0,6,7,8,12
4,6,11
2,7,8,11
2,6,8,11
2,7,8,12
1,6,8,12
3,6,12
2,7,11
2,12
2,12
0,6,7,12
2,6,12
1,6,11
1,6,13
0,6,7,12
0,7,11
0,6,12
2,7,8,11
1,6,8,12
3,6,12
1,6,12
1,7,12
4,7,8,12
2,12
0,6,7,12
1,6,8,12
1,6,12
0,7,8,11
3,7,11
4,12
1,8,12
0,7,11
2,6,8,12
3,7,12
4,7,12
3,11
5,12
5,8,12
2,8,12
0,6,7,8,12
0,6,7,8,12
0,7,8,12
4,7,11
4,6,11
0,4,6,11
2,6,7,8,9
1,6,8,12
2,7,12
0,6,7,12
0,6,7,12
1,6,8,12
0,6,7,8,11
2,8,12
1,6,8,12
5,6,7,12
1,6,9
0,7,8,11
2,12
2,7,8,13
3,11
4,7,12
1,6,8,12
2,6,7,8,12
2,7,12
2,7,8,9
0,7,8,11
5,7,12
2,8,12
3,12
5,7,8,12
2,8,12
2,6,8,12
1,6,8,12
1,6,8,12
4,7,8,12
2,8,10
