4[Sup. 15]
1[Sup. 20]
1 6[Sup. 17]
1 6 12[Sup. 15]
1 8 12[Sup. 11]
1 8[Sup. 11]
1 12[Sup. 18]
11[Sup. 21]
11 7[Sup. 13]
2[Sup. 25]
2 7[Sup. 11]
2 8[Sup. 16]
2 8 12[Sup. 10]
2 12[Sup. 16]
0[Sup. 26]
0 6[Sup. 15]
0 6 7[Sup. 12]
0 6 7 12[Sup. 10]
0 6 12[Sup. 13]
0 7[Sup. 23]
0 7 8[Sup. 12]
0 7 12[Sup. 17]
0 8[Sup. 12]
0 12[Sup. 20]
6[Sup. 50]
6 7[Sup. 20]
6 7 12[Sup. 17]
6 8[Sup. 21]
6 8 12[Sup. 18]
6 12[Sup. 39]
7[Sup. 50]
7 8[Sup. 26]
7 8 12[Sup. 17]
7 12[Sup. 34]
8[Sup. 50]
8 12[Sup. 39]
12[Sup. 74]
